Waiting for MSP_API_VERSION reply...
Waiting for MSP_FC_VARIANT reply...
{'apiVersion': '1.44.0', 'flightControllerIdentifier': 'BTFL', 'flightControllerVersion': '4.3.2', 'version': 0, 'buildInfo': 'Nov 28 2022 07:26:30', 'multiType': 0, 'msp_version': 0, 'capability': 0, 'cycleTime': 313, 'i2cError': 0, 'activeSensors': 35, 'mode': 2, 'profile': 0, 'uid': [3145761, 858867466, 875836466], 'accelerometerTrims': [0, 0], 'name': '', 'displayName': 'BOARD MODULE', 'numProfiles': 3, 'rateProfile': 0, 'boardType': 2, 'armingDisableCount': 26, 'armingDisableFlags': 4, 'armingDisabled': False, 'runawayTakeoffPreventionDisabled': False, 'boardIdentifier': 'S405', 'boardVersion': 0, 'commCapabilities': 55, 'targetName': 'STM32F405', 'boardName': 'SPEEDYBEEF405V3', 'manufacturerId': 'SPBE', 'signature': [0, 0, 0, 0, 0, 0, 0, 0, 0, 0, 0, 0, 0, 0, 0, 0, 0, 0, 0, 0, 0, 0, 0, 0, 0, 0, 0, 0, 0, 0, 0, 0], 'cpuload': 21, 'mcuTypeId': 3, 'mspProtocolVersion': 0, 'flightModeFlags': []}
17:56:21.967275 ALT: 2.51
17:56:21.983216 ALT: 2.51
17:56:21.999215 ALT: 2.51
17:56:22.015228 ALT: 2.51
17:56:22.031294 ALT: 2.51
17:56:22.047912 ALT: 2.51
Easycap format used: ImageFormat(type=<BufType.VIDEO_CAPTURE: 1>, description='YUYV 4:2:2', flags=<ImageFormatFlag.0: 0>, pixel_format=<PixelFormat.YUYV: 1448695129>)
17:56:22.066106 ALT: 2.51
17:56:22.079262 ALT: 2.51
17:56:22.095280 ALT: 2.51
17:56:22.111299 ALT: 2.51
17:56:22.127426 ALT: 2.51
17:56:22.143258 ALT: 2.51
17:56:22.159340 ALT: 2.51
17:56:22.175291 ALT: 2.51
17:56:22.191340 ALT: 2.51
17:56:22.207262 ALT: 2.51
17:56:22.223244 ALT: 2.51
17:56:22.239305 ALT: 2.51
17:56:22.255291 ALT: 2.51
17:56:22.271324 ALT: 2.51
17:56:22.287335 ALT: 2.51
Initialize navigation params:
Delay=0.01, Kp=40.0, Ki=0.0, Kd=5
17:56:22.306596 ALT: 2.51
Starting Main workflow
17:56:22.319483 ALT: 2.51
17:56:22.327661 Navigation got ALT: 2.51
[1500, 1500, 988, 1500, 988, 988, 988, 988, 1001, 1001, 1001, 1001, 1500, 1500, 1500, 1500]
[1500, 1500, 988, 1500, 988, 988, 988, 988, 1001, 1001, 1001, 1001, 1500, 1500, 1500, 1500]
17:56:22.349833 ALT: 2.51
17:56:22.367441 Navigation got ALT: 2.51
[1500, 1500, 988, 1500, 988, 988, 988, 988, 1001, 1001, 1001, 1001, 1500, 1500, 1500, 1500]
17:56:22.368126 ALT: 2.51
17:56:22.383338 ALT: 2.51
17:56:22.387210 Navigation got ALT: 2.51
[1500, 1500, 988, 1500, 988, 988, 988, 988, 1001, 1001, 1001, 1001, 1500, 1500, 1500, 1500]
17:56:22.400098 ALT: 2.51
17:56:22.415417 ALT: 2.51
17:56:22.431348 ALT: 2.51
17:56:22.447651 Navigation got ALT: 2.51
[1500, 1499, 988, 1500, 988, 989, 986, 988, 1001, 1001, 1001, 1001, 1500, 1500, 1500, 1500]
17:56:22.448092 ALT: 2.51
17:56:22.463370 ALT: 2.51
17:56:22.467375 Navigation got ALT: 2.51
[1500, 1500, 988, 1500, 988, 988, 988, 988, 1001, 1001, 1001, 1001, 1500, 1500, 1500, 1500]
17:56:22.479489 ALT: 2.51
17:56:22.495463 ALT: 2.51
17:56:22.507490 Navigation got ALT: 2.51
[1500, 1500, 988, 1500, 988, 988, 988, 988, 1001, 1001, 1001, 1001, 1500, 1500, 1500, 1500]
17:56:22.511428 ALT: 2.51
17:56:22.528045 Navigation got ALT: 2.51
[1500, 1500, 988, 1500, 988, 988, 988, 988, 1001, 1001, 1001, 1001, 1500, 1500, 1500, 1500]
17:56:22.528962 ALT: 2.51
17:56:22.543523 ALT: 2.51
17:56:22.547461 Navigation got ALT: 2.51
[1499, 1500, 988, 1500, 988, 988, 988, 989, 1001, 1001, 1001, 1001, 1500, 1500, 1500, 1500]
17:56:22.559501 ALT: 2.51
17:56:22.581952 ALT: 2.51
17:56:22.587348 Navigation got ALT: 2.51
[1500, 1500, 988, 1500, 988, 988, 988, 988, 1001, 1001, 1001, 1001, 1500, 1500, 1500, 1500]
17:56:22.592769 ALT: 2.51
17:56:22.607780 ALT: 2.51
17:56:22.611645 Navigation got ALT: 2.51
[1500, 1500, 988, 1500, 988, 988, 989, 986, 1001, 1001, 1001, 1001, 1500, 1500, 1500, 1500]
17:56:22.623378 ALT: 2.51
17:56:22.627217 Navigation got ALT: 2.51
[1500, 1500, 988, 1500, 988, 988, 988, 988, 1001, 1001, 1001, 1001, 1500, 1500, 1500, 1500]
17:56:22.639423 ALT: 2.51
17:56:22.647362 Navigation got ALT: 2.51
[1500, 1500, 988, 1500, 988, 988, 988, 988, 1001, 1001, 1001, 1001, 1500, 1500, 1500, 1500]
17:56:22.663679 ALT: 2.51
17:56:22.667324 Navigation got ALT: 2.51
[1500, 1500, 988, 1500, 989, 986, 988, 988, 1001, 1001, 1001, 1001, 1500, 1500, 1500, 1500]
17:56:22.675422 ALT: 2.51
17:56:22.687729 ALT: 2.51
17:56:22.703446 ALT: 2.51
17:56:22.707396 Navigation got ALT: 2.51
[1500, 1500, 988, 1500, 988, 988, 988, 988, 1001, 1001, 1001, 1001, 1500, 1500, 1500, 1500]
17:56:22.719593 ALT: 2.51
17:56:22.728214 Navigation got ALT: 2.51
[1500, 1500, 988, 1500, 988, 988, 988, 988, 1001, 1001, 1001, 1001, 1500, 1500, 1500, 1500]
17:56:22.735632 ALT: 2.51
17:56:22.747853 Navigation got ALT: 2.51
[1499, 1500, 988, 1500, 988, 988, 988, 988, 1001, 1001, 1001, 1001, 1500, 1500, 1500, 1500]
17:56:22.757912 ALT: 2.51
17:56:22.767463 Navigation got ALT: 2.51
[1500, 1500, 988, 1500, 988, 988, 988, 988, 1001, 1001, 1001, 1001, 1500, 1500, 1500, 1500]
17:56:22.770039 ALT: 2.51
17:56:22.783508 ALT: 2.51
17:56:22.787274 Navigation got ALT: 2.51
[1500, 1500, 988, 1499, 988, 988, 988, 988, 1001, 1001, 1001, 1001, 1500, 1500, 1500, 1500]
17:56:22.799543 ALT: 2.51
17:56:22.815487 ALT: 2.51
17:56:22.831717 ALT: 2.51
17:56:22.847985 Navigation got ALT: 2.51
[1499, 1500, 988, 1500, 988, 988, 988, 989, 1001, 1001, 1001, 1001, 1500, 1500, 1500, 1500]
17:56:22.848713 ALT: 2.51
17:56:22.863481 ALT: 2.51
17:56:22.867429 Navigation got ALT: 2.51
[1500, 1500, 988, 1500, 988, 988, 988, 988, 1001, 1001, 1001, 1001, 1500, 1500, 1500, 1500]
17:56:22.879540 ALT: 2.51
17:56:22.887288 Navigation got ALT: 2.51
[1500, 1500, 988, 1499, 988, 988, 988, 988, 1001, 1001, 1001, 1001, 1500, 1500, 1500, 1500]
17:56:22.895522 ALT: 2.51
17:56:22.908117 Navigation got ALT: 2.51
[1500, 1500, 988, 1499, 988, 988, 988, 988, 1001, 1001, 1001, 1001, 1500, 1500, 1500, 1500]
17:56:22.911554 ALT: 2.51
17:56:22.927482 ALT: 2.51
17:56:22.943727 ALT: 2.51
17:56:22.947804 Navigation got ALT: 2.51
[1500, 1500, 988, 1500, 988, 988, 988, 988, 1001, 1001, 1001, 1001, 1500, 1500, 1500, 1500]
17:56:22.959576 ALT: 2.51
17:56:22.975907 ALT: 2.51
17:56:22.987231 Navigation got ALT: 2.51
[1499, 1500, 988, 1500, 988, 988, 988, 988, 1001, 1001, 1001, 1001, 1500, 1500, 1500, 1500]
17:56:22.991721 ALT: 2.51
17:56:23.007866 Navigation got ALT: 2.51
[1499, 1500, 988, 1500, 988, 988, 988, 988, 1001, 1001, 1001, 1001, 1500, 1500, 1500, 1500]
17:56:23.008490 ALT: 2.51
17:56:23.023460 ALT: 2.51
17:56:23.027367 Navigation got ALT: 2.51
[1500, 1500, 988, 1500, 988, 988, 988, 988, 1001, 1001, 1001, 1001, 1500, 1500, 1500, 1500]
17:56:23.039564 ALT: 2.51
17:56:23.047431 Navigation got ALT: 2.51
[1500, 1500, 988, 1500, 988, 988, 988, 988, 1001, 1001, 1001, 1001, 1500, 1500, 1500, 1500]
17:56:23.055472 ALT: 2.51
17:56:23.067314 Navigation got ALT: 2.51
[1500, 1500, 988, 1500, 988, 989, 986, 988, 1001, 1001, 1001, 1001, 1500, 1500, 1500, 1500]
17:56:23.071692 ALT: 2.51
17:56:23.087505 Navigation got ALT: 2.51
[1500, 1499, 988, 1500, 988, 988, 988, 988, 1001, 1001, 1001, 1001, 1500, 1500, 1500, 1500]
17:56:23.087947 ALT: 2.51
17:56:23.103545 ALT: 2.51
17:56:23.107577 Navigation got ALT: 2.51
[1500, 1500, 988, 1501, 986, 988, 988, 988, 1001, 1001, 1001, 1001, 1500, 1500, 1500, 1500]
17:56:23.119816 ALT: 2.51
17:56:23.135499 ALT: 2.51
17:56:23.147388 Navigation got ALT: 2.51
[1499, 1500, 988, 1500, 988, 988, 988, 988, 1001, 1001, 1001, 1001, 1500, 1500, 1500, 1500]
17:56:23.151605 ALT: 2.51
17:56:23.167618 ALT: 2.51
17:56:23.167997 Navigation got ALT: 2.51
[1500, 1500, 988, 1500, 988, 988, 988, 988, 1001, 1001, 1001, 1001, 1500, 1500, 1500, 1500]
17:56:23.183520 ALT: 2.51
17:56:23.187393 Navigation got ALT: 2.51
[1500, 1500, 988, 1499, 988, 988, 988, 988, 1001, 1001, 1001, 1001, 1500, 1500, 1500, 1500]
17:56:23.199547 ALT: 2.51
17:56:23.208042 Navigation got ALT: 2.51
[1500, 1500, 988, 1500, 988, 988, 988, 988, 1001, 1001, 1001, 1001, 1500, 1500, 1500, 1500]
17:56:23.215549 ALT: 2.51
17:56:23.231531 ALT: 2.51
17:56:23.247240 Navigation got ALT: 2.51
[1500, 1500, 988, 1500, 988, 988, 988, 988, 1001, 1001, 1001, 1001, 1500, 1500, 1500, 1500]
17:56:23.247957 ALT: 2.51
17:56:23.263538 ALT: 2.51
17:56:23.279740 ALT: 2.51
17:56:23.287164 Navigation got ALT: 2.51
[1500, 1500, 988, 1499, 988, 988, 988, 988, 1001, 1001, 1001, 1001, 1500, 1500, 1500, 1500]
17:56:23.295563 ALT: 2.51
17:56:23.307579 Navigation got ALT: 2.51
[1500, 1500, 988, 1500, 988, 988, 988, 988, 1001, 1001, 1001, 1001, 1500, 1500, 1500, 1500]
17:56:23.313417 ALT: 2.51
17:56:23.327799 Navigation got ALT: 2.51
[1500, 1500, 988, 1500, 988, 988, 988, 988, 1001, 1001, 1001, 1001, 1500, 1500, 1500, 1500]
17:56:23.328152 ALT: 2.51
17:56:23.344192 ALT: 2.51
17:56:23.347302 Navigation got ALT: 2.51
[1499, 1500, 988, 1500, 988, 988, 988, 988, 1001, 1001, 1001, 1001, 1500, 1500, 1500, 1500]
17:56:23.359554 ALT: 2.51
17:56:23.367583 Navigation got ALT: 2.51
[1500, 1500, 988, 1500, 988, 988, 988, 988, 1001, 1001, 1001, 1001, 1500, 1500, 1500, 1500]
17:56:23.379315 ALT: 2.51
17:56:23.391586 ALT: 2.51
17:56:23.408193 ALT: 2.51
17:56:23.423594 ALT: 2.51
17:56:23.439667 ALT: 2.51
17:56:23.447190 Navigation got ALT: 2.51
[1499, 1500, 988, 1500, 988, 988, 988, 988, 1001, 1001, 1001, 1001, 1500, 1500, 1500, 1500]
17:56:23.457222 ALT: 2.51
17:56:23.467449 Navigation got ALT: 2.51
[1500, 1500, 988, 1500, 988, 988, 988, 988, 1001, 1001, 1001, 1001, 1500, 1500, 1500, 1500]
17:56:23.471774 ALT: 2.51
17:56:23.487896 ALT: 2.51
17:56:23.503702 ALT: 2.51
17:56:23.508696 Navigation got ALT: 2.51
[1499, 1500, 988, 1500, 989, 986, 988, 988, 1001, 1001, 1001, 1001, 1500, 1500, 1500, 1500]
17:56:23.519657 ALT: 2.51
17:56:23.536081 ALT: 2.51
17:56:23.547430 Navigation got ALT: 2.51
[1499, 1500, 988, 1500, 989, 986, 988, 988, 1001, 1001, 1001, 1001, 1500, 1500, 1500, 1500]
17:56:23.552911 ALT: 2.51
17:56:23.567649 ALT: 2.51
17:56:23.588647 Navigation got ALT: 2.51
[1499, 1500, 988, 1500, 988, 988, 988, 988, 1001, 1001, 1001, 1001, 1500, 1500, 1500, 1500]
17:56:23.589577 ALT: 2.51
17:56:23.601332 ALT: 2.51
17:56:23.608631 Navigation got ALT: 2.51
[1499, 1500, 988, 1500, 988, 988, 989, 988, 1001, 1001, 1001, 1001, 1500, 1500, 1500, 1500]
17:56:23.615652 ALT: 2.51
17:56:23.627268 Navigation got ALT: 2.51
[1499, 1500, 988, 1500, 988, 988, 988, 988, 1001, 1001, 1001, 1001, 1500, 1500, 1500, 1500]
17:56:23.642738 ALT: 2.51
17:56:23.648065 Navigation got ALT: 2.51
[1500, 1500, 988, 1500, 986, 988, 988, 989, 1001, 1001, 1001, 1001, 1500, 1500, 1500, 1500]
17:56:23.663825 ALT: 2.51
17:56:23.667381 Navigation got ALT: 2.51
[1499, 1500, 988, 1500, 988, 988, 988, 988, 1001, 1001, 1001, 1001, 1500, 1500, 1500, 1500]
17:56:23.679707 ALT: 2.51
17:56:23.695658 ALT: 2.51
17:56:23.712207 ALT: 2.51
17:56:23.727567 ALT: 2.51
17:56:23.727895 Navigation got ALT: 2.51
[1500, 1499, 988, 1500, 988, 988, 988, 988, 1001, 1001, 1001, 1001, 1500, 1500, 1500, 1500]
17:56:23.745766 ALT: 2.51
17:56:23.749004 Navigation got ALT: 2.51
[1500, 1499, 988, 1500, 989, 986, 988, 988, 1001, 1001, 1001, 1001, 1500, 1500, 1500, 1500]
17:56:23.759626 ALT: 2.51
17:56:23.767321 Navigation got ALT: 2.51
[1500, 1499, 988, 1500, 988, 988, 988, 988, 1001, 1001, 1001, 1001, 1500, 1500, 1500, 1500]
17:56:23.776279 ALT: 2.51
17:56:23.787236 Navigation got ALT: 2.51
[1500, 1500, 988, 1500, 988, 988, 988, 988, 1001, 1001, 1001, 1001, 1500, 1500, 1500, 1500]
17:56:23.791539 ALT: 2.51
17:56:23.808114 Navigation got ALT: 2.51
[1500, 1499, 988, 1500, 988, 988, 989, 986, 1001, 1001, 1001, 1001, 1500, 1500, 1500, 1500]
17:56:23.808760 ALT: 2.51
17:56:23.823616 ALT: 2.51
17:56:23.839798 ALT: 2.51
17:56:23.847286 Navigation got ALT: 2.51
[1500, 1499, 988, 1500, 988, 988, 988, 988, 1001, 1001, 1001, 1001, 1500, 1500, 1500, 1500]
17:56:23.855680 ALT: 2.51
17:56:23.867389 Navigation got ALT: 2.51
[1500, 1500, 988, 1500, 988, 988, 988, 988, 1001, 1001, 1001, 1001, 1500, 1500, 1500, 1500]
17:56:23.871774 ALT: 2.51
17:56:23.887360 Navigation got ALT: 2.51
[1500, 1500, 988, 1500, 988, 988, 988, 988, 1001, 1001, 1001, 1001, 1500, 1500, 1500, 1500]
17:56:23.887869 ALT: 2.51
17:56:23.903673 ALT: 2.51
17:56:23.907352 Navigation got ALT: 2.51
[1500, 1500, 988, 1500, 986, 988, 988, 988, 1001, 1001, 1001, 1001, 1500, 1500, 1500, 1500]
17:56:23.919606 ALT: 2.51
17:56:23.927297 Navigation got ALT: 2.51
[1500, 1500, 988, 1499, 988, 988, 988, 988, 1001, 1001, 1001, 1001, 1500, 1500, 1500, 1500]
17:56:23.935624 ALT: 2.51
17:56:23.948013 Navigation got ALT: 2.51
[1499, 1500, 988, 1500, 988, 988, 988, 988, 1001, 1001, 1001, 1001, 1500, 1500, 1500, 1500]
17:56:23.951644 ALT: 2.51
17:56:23.967273 Navigation got ALT: 2.51
[1500, 1500, 988, 1500, 988, 988, 988, 988, 1001, 1001, 1001, 1001, 1500, 1500, 1500, 1500]
17:56:23.967796 ALT: 2.51
17:56:23.983617 ALT: 2.51
17:56:23.987238 Navigation got ALT: 2.51
[1500, 1500, 988, 1500, 988, 988, 988, 988, 1001, 1001, 1001, 1001, 1500, 1500, 1500, 1500]
17:56:23.999678 ALT: 2.51
17:56:24.007740 Navigation got ALT: 2.51
[1500, 1500, 988, 1500, 988, 988, 988, 988, 1001, 1001, 1001, 1001, 1500, 1500, 1500, 1500]
17:56:24.015787 ALT: 2.51
17:56:24.027498 Navigation got ALT: 2.51
[1500, 1500, 988, 1500, 988, 988, 988, 988, 1001, 1001, 1001, 1001, 1500, 1500, 1500, 1500]
17:56:24.031719 ALT: 2.51
17:56:24.047525 Navigation got ALT: 2.51
[1500, 1500, 988, 1500, 986, 988, 988, 988, 1001, 1001, 1001, 1001, 1500, 1500, 1500, 1500]
17:56:24.049842 ALT: 2.51
17:56:24.063612 ALT: 2.51
17:56:24.067226 Navigation got ALT: 2.51
[1500, 1500, 988, 1500, 988, 988, 988, 988, 1001, 1001, 1001, 1001, 1500, 1500, 1500, 1500]
17:56:24.079867 ALT: 2.51
17:56:24.087267 Navigation got ALT: 2.51
[1500, 1500, 988, 1500, 986, 988, 988, 988, 1001, 1001, 1001, 1001, 1500, 1500, 1500, 1500]
[1500, 1500, 988, 1500, 988, 988, 988, 988, 1001, 1001, 1001, 1001, 1500, 1500, 1500, 1500]
17:56:24.113921 ALT: 2.51
17:56:24.128189 ALT: 2.51
17:56:24.128775 Navigation got ALT: 2.51
[1500, 1500, 988, 1500, 988, 988, 988, 988, 1001, 1001, 1001, 1001, 1500, 1500, 1500, 1500]
17:56:24.144161 ALT: 2.51
17:56:24.147968 Navigation got ALT: 2.51
[1500, 1500, 988, 1500, 988, 988, 988, 988, 1001, 1001, 1001, 1001, 1500, 1500, 1500, 1500]
17:56:24.163228 ALT: 2.51
17:56:24.167745 Navigation got ALT: 2.51
[1500, 1500, 988, 1500, 988, 988, 988, 988, 1001, 1001, 1001, 1001, 1500, 1500, 1500, 1500]
17:56:24.175617 ALT: 2.51
17:56:24.188161 Navigation got ALT: 2.51
[1500, 1500, 988, 1500, 988, 988, 988, 988, 1001, 1001, 1001, 1001, 1500, 1500, 1500, 1500]
17:56:24.191663 ALT: 2.51
17:56:24.208102 ALT: 2.51
17:56:24.209361 Navigation got ALT: 2.51
[1500, 1500, 988, 1500, 988, 988, 988, 988, 1001, 1001, 1001, 1001, 1500, 1500, 1500, 1500]
17:56:24.223622 ALT: 2.51
17:56:24.245433 Navigation got ALT: 2.51
[1500, 1500, 988, 1500, 988, 988, 988, 988, 1001, 1001, 1001, 1001, 1500, 1500, 1500, 1500]
17:56:24.246635 ALT: 2.51
17:56:24.252646 Navigation got ALT: 2.51
[1500, 1500, 988, 1500, 988, 988, 988, 988, 1001, 1001, 1001, 1001, 1500, 1500, 1500, 1500]
17:56:24.257600 ALT: 2.51
17:56:24.267409 Navigation got ALT: 2.51
[1500, 1500, 988, 1500, 988, 988, 988, 988, 1001, 1001, 1001, 1001, 1500, 1500, 1500, 1500]
17:56:24.271706 ALT: 2.51
17:56:24.287994 ALT: 2.51
17:56:24.289737 Navigation got ALT: 2.51
[1500, 1500, 988, 1500, 988, 988, 988, 988, 1001, 1001, 1001, 1001, 1500, 1500, 1500, 1500]
17:56:24.303824 ALT: 2.51
17:56:24.310333 Navigation got ALT: 2.51
[1500, 1500, 988, 1500, 988, 988, 988, 989, 1001, 1001, 1001, 1001, 1500, 1500, 1500, 1500]
17:56:24.319973 ALT: 2.51
17:56:24.327528 Navigation got ALT: 2.51
[1500, 1500, 988, 1500, 988, 988, 988, 988, 1001, 1001, 1001, 1001, 1500, 1500, 1500, 1500]
17:56:24.335930 ALT: 2.51
17:56:24.352003 ALT: 2.51
17:56:24.365536 Navigation got ALT: 2.51
[1499, 1500, 988, 1499, 988, 988, 988, 988, 1001, 1001, 1001, 1001, 1500, 1500, 1500, 1500]
17:56:24.378750 ALT: 2.51
17:56:24.387925 Navigation got ALT: 2.51
[1500, 1500, 988, 1500, 988, 988, 988, 988, 1001, 1001, 1001, 1001, 1500, 1500, 1500, 1500]
17:56:24.395568 ALT: 2.51
17:56:24.427458 Navigation got ALT: 2.51
[1500, 1500, 988, 1500, 988, 988, 988, 988, 1001, 1001, 1001, 1001, 1500, 1500, 1500, 1500]
17:56:24.431868 ALT: 2.51
17:56:24.449254 ALT: 2.51
17:56:24.450570 Navigation got ALT: 2.51
[1500, 1500, 988, 1500, 988, 988, 988, 988, 1001, 1001, 1001, 1001, 1500, 1500, 1500, 1500]
17:56:24.463855 ALT: 2.51
17:56:24.467473 Navigation got ALT: 2.51
[1500, 1500, 988, 1500, 988, 988, 988, 988, 1001, 1001, 1001, 1001, 1500, 1500, 1500, 1500]
17:56:24.481192 ALT: 2.51
17:56:24.495705 ALT: 2.51
17:56:24.509380 Navigation got ALT: 2.51
[1499, 1500, 988, 1500, 988, 988, 988, 988, 1001, 1001, 1001, 1001, 1500, 1500, 1500, 1500]
17:56:24.511765 ALT: 2.51
17:56:24.527420 Navigation got ALT: 2.51
[1500, 1500, 988, 1499, 988, 988, 988, 988, 1001, 1001, 1001, 1001, 1500, 1500, 1500, 1500]
17:56:24.528230 ALT: 2.51
17:56:24.543872 ALT: 2.51
17:56:24.547769 Navigation got ALT: 2.51
[1501, 1499, 988, 1499, 988, 988, 988, 988, 1001, 1001, 1001, 1001, 1500, 1500, 1500, 1500]
17:56:24.559760 ALT: 2.51
17:56:24.567503 Navigation got ALT: 2.51
[1500, 1500, 988, 1500, 988, 989, 986, 988, 1001, 1001, 1001, 1001, 1500, 1500, 1500, 1500]
17:56:24.575889 ALT: 2.51
17:56:24.587530 Navigation got ALT: 2.51
[1500, 1500, 988, 1500, 988, 988, 988, 988, 1001, 1001, 1001, 1001, 1500, 1500, 1500, 1500]
17:56:24.591707 ALT: 2.51
17:56:24.608176 Navigation got ALT: 2.51
[1500, 1500, 988, 1499, 988, 988, 988, 988, 1001, 1001, 1001, 1001, 1500, 1500, 1500, 1500]
17:56:24.608910 ALT: 2.51
17:56:24.623811 ALT: 2.51
17:56:24.627387 Navigation got ALT: 2.51
[1500, 1499, 988, 1500, 988, 988, 988, 988, 1001, 1001, 1001, 1001, 1500, 1500, 1500, 1500]
17:56:24.639899 ALT: 2.51
17:56:24.647869 Navigation got ALT: 2.51
[1500, 1500, 989, 1497, 988, 988, 988, 988, 1001, 1001, 1001, 1001, 1500, 1500, 1500, 1500]
17:56:24.655791 ALT: 2.51
17:56:24.667469 Navigation got ALT: 2.51
[1500, 1500, 988, 1500, 988, 989, 986, 988, 1001, 1001, 1001, 1001, 1500, 1500, 1500, 1500]
17:56:24.672105 ALT: 2.51
17:56:24.687886 ALT: 2.55
17:56:24.703768 ALT: 2.55
17:56:24.708342 Navigation got ALT: 2.51
[1500, 1500, 988, 1499, 989, 988, 986, 988, 1001, 1001, 1001, 1001, 1500, 1500, 1500, 1500]
17:56:24.719987 ALT: 2.55
17:56:24.727761 Navigation got ALT: 2.55
[1500, 1500, 988, 1500, 988, 988, 988, 988, 1001, 1001, 1001, 1001, 1500, 1500, 1500, 1500]
17:56:24.735838 ALT: 2.57
17:56:24.748795 Navigation got ALT: 2.57
[1500, 1500, 988, 1499, 988, 988, 988, 988, 1001, 1001, 1001, 1001, 1500, 1500, 1500, 1500]
17:56:24.752050 ALT: 2.58
17:56:24.767904 ALT: 2.58
17:56:24.769102 Navigation got ALT: 2.58
[1500, 1499, 988, 1500, 988, 988, 988, 988, 1001, 1001, 1001, 1001, 1500, 1500, 1500, 1500]
17:56:24.783921 ALT: 2.59
17:56:24.799749 ALT: 2.59
17:56:24.807952 Navigation got ALT: 2.59
[1500, 1499, 988, 1500, 988, 988, 988, 988, 1001, 1001, 1001, 1001, 1500, 1500, 1500, 1500]
17:56:24.817437 ALT: 2.59
17:56:24.831792 ALT: 2.59
17:56:24.848415 ALT: 2.59
17:56:24.848736 Navigation got ALT: 2.59
[1500, 1500, 988, 1500, 988, 988, 988, 988, 1001, 1001, 1001, 1001, 1500, 1500, 1500, 1500]
17:56:24.865661 ALT: 2.59
17:56:24.867446 Navigation got ALT: 2.59
[1500, 1500, 988, 1500, 988, 989, 986, 988, 1001, 1001, 1001, 1001, 1500, 1500, 1500, 1500]
17:56:24.881791 ALT: 2.59
17:56:24.895755 ALT: 2.59
17:56:24.907757 Navigation got ALT: 2.59
[1500, 1499, 988, 1501, 986, 988, 988, 988, 1001, 1001, 1001, 1001, 1500, 1500, 1500, 1500]
17:56:24.915214 ALT: 2.59
17:56:24.927511 Navigation got ALT: 2.59
[1500, 1499, 988, 1500, 988, 988, 988, 988, 1001, 1001, 1001, 1001, 1500, 1500, 1500, 1500]
17:56:24.928084 ALT: 2.59
17:56:24.946044 ALT: 2.59
17:56:24.948233 Navigation got ALT: 2.59
[1500, 1499, 988, 1500, 988, 988, 988, 988, 1001, 1001, 1001, 1001, 1500, 1500, 1500, 1500]
17:56:24.959778 ALT: 2.59
17:56:24.967330 Navigation got ALT: 2.59
[1500, 1499, 988, 1500, 988, 988, 988, 988, 1001, 1001, 1001, 1001, 1500, 1500, 1500, 1500]
17:56:24.979575 ALT: 2.59
17:56:24.987353 Navigation got ALT: 2.59
[1500, 1500, 988, 1500, 988, 988, 988, 988, 1001, 1001, 1001, 1001, 1500, 1500, 1500, 1500]
17:56:24.992263 ALT: 2.59
17:56:25.007956 Navigation got ALT: 2.59
[1499, 1500, 988, 1500, 988, 988, 988, 988, 1001, 1001, 1001, 1001, 1500, 1500, 1500, 1500]
17:56:25.012074 ALT: 2.59
17:56:25.024064 ALT: 2.59
17:56:25.027333 Navigation got ALT: 2.59
[1500, 1500, 988, 1499, 988, 988, 988, 988, 1001, 1001, 1001, 1001, 1500, 1500, 1500, 1500]
17:56:25.041308 ALT: 2.59
17:56:25.048009 Navigation got ALT: 2.59
[1499, 1500, 988, 1499, 988, 988, 988, 988, 1001, 1001, 1001, 1001, 1500, 1500, 1500, 1500]
17:56:25.056470 ALT: 2.59
17:56:25.068420 Navigation got ALT: 2.59
[1500, 1499, 988, 1500, 988, 988, 988, 988, 1001, 1001, 1001, 1001, 1500, 1500, 1500, 1500]
17:56:25.073775 ALT: 2.59
17:56:25.087368 Navigation got ALT: 2.59
[1500, 1499, 988, 1500, 988, 988, 988, 988, 1001, 1001, 1001, 1001, 1500, 1500, 1500, 1500]
17:56:25.091866 ALT: 2.59
17:56:25.103957 ALT: 2.59
17:56:25.109248 Navigation got ALT: 2.59
[1499, 1500, 988, 1500, 989, 986, 989, 986, 1001, 1001, 1001, 1001, 1500, 1500, 1500, 1500]
17:56:25.125836 ALT: 2.59
17:56:25.127286 Navigation got ALT: 2.59
[1500, 1500, 988, 1499, 988, 988, 988, 988, 1001, 1001, 1001, 1001, 1500, 1500, 1500, 1500]
17:56:25.136815 ALT: 2.59
17:56:25.147612 Navigation got ALT: 2.59
[1500, 1499, 988, 1500, 988, 988, 988, 988, 1001, 1001, 1001, 1001, 1500, 1500, 1500, 1500]
17:56:25.152738 ALT: 2.59
17:56:25.167460 Navigation got ALT: 2.59
[1500, 1500, 988, 1500, 988, 988, 988, 988, 1001, 1001, 1001, 1001, 1500, 1500, 1500, 1500]
17:56:25.168204 ALT: 2.59
17:56:25.185795 ALT: 2.59
17:56:25.187493 Navigation got ALT: 2.59
[1500, 1500, 988, 1500, 988, 988, 988, 988, 1001, 1001, 1001, 1001, 1500, 1500, 1500, 1500]
17:56:25.199818 ALT: 2.59
17:56:25.207926 Navigation got ALT: 2.59
[1500, 1499, 988, 1500, 988, 988, 988, 988, 1001, 1001, 1001, 1001, 1500, 1500, 1500, 1500]
17:56:25.216186 ALT: 2.59
17:56:25.227940 Navigation got ALT: 2.59
[1500, 1499, 988, 1500, 988, 988, 988, 988, 1001, 1001, 1001, 1001, 1500, 1500, 1500, 1500]
17:56:25.231753 ALT: 2.59
17:56:25.248243 ALT: 2.59
17:56:25.250983 Navigation got ALT: 2.59
[1500, 1499, 988, 1501, 986, 988, 988, 988, 1001, 1001, 1001, 1001, 1500, 1500, 1500, 1500]
17:56:25.264160 ALT: 2.59
17:56:25.267427 Navigation got ALT: 2.59
[1499, 1500, 988, 1500, 988, 988, 988, 988, 1001, 1001, 1001, 1001, 1500, 1500, 1500, 1500]
17:56:25.284172 ALT: 2.59
17:56:25.287673 Navigation got ALT: 2.59
[1500, 1500, 988, 1499, 988, 988, 988, 988, 1001, 1001, 1001, 1001, 1500, 1500, 1500, 1500]
17:56:25.295855 ALT: 2.59
17:56:25.307829 Navigation got ALT: 2.59
[1499, 1500, 988, 1500, 988, 988, 988, 988, 1001, 1001, 1001, 1001, 1500, 1500, 1500, 1500]
17:56:25.319142 ALT: 2.59
17:56:25.327437 Navigation got ALT: 2.59
[1500, 1499, 989, 1499, 988, 988, 988, 988, 1001, 1001, 1001, 1001, 1500, 1500, 1500, 1500]
17:56:25.330194 ALT: 2.59
17:56:25.344444 ALT: 2.59
17:56:25.348247 Navigation got ALT: 2.59
[1500, 1500, 988, 1499, 988, 988, 988, 988, 1001, 1001, 1001, 1001, 1500, 1500, 1500, 1500]
17:56:25.359838 ALT: 2.59
17:56:25.367313 Navigation got ALT: 2.59
[1500, 1499, 988, 1500, 988, 988, 988, 988, 1001, 1001, 1001, 1001, 1500, 1500, 1500, 1500]
17:56:25.378147 ALT: 2.59
17:56:25.387334 Navigation got ALT: 2.59
[1499, 1501, 986, 1499, 988, 988, 988, 988, 1001, 1001, 1001, 1001, 1500, 1500, 1500, 1500]
17:56:25.392270 ALT: 2.59
17:56:25.408024 ALT: 2.59
17:56:25.425716 ALT: 2.59
17:56:25.427384 Navigation got ALT: 2.59
[1500, 1499, 988, 1500, 988, 988, 988, 988, 1001, 1001, 1001, 1001, 1500, 1500, 1500, 1500]
17:56:25.440160 ALT: 2.59
17:56:25.447731 Navigation got ALT: 2.59
[1500, 1500, 988, 1499, 988, 988, 988, 988, 1001, 1001, 1001, 1001, 1500, 1500, 1500, 1500]
17:56:25.459182 ALT: 2.59
17:56:25.467354 Navigation got ALT: 2.59
[1500, 1500, 988, 1500, 988, 988, 988, 988, 1001, 1001, 1001, 1001, 1500, 1500, 1500, 1500]
17:56:25.473440 ALT: 2.59
17:56:25.491677 ALT: 2.59
17:56:25.503792 ALT: 2.59
17:56:25.508506 Navigation got ALT: 2.59
[1500, 1499, 988, 1500, 988, 988, 988, 988, 1001, 1001, 1001, 1001, 1500, 1500, 1500, 1500]
17:56:25.519791 ALT: 2.59
17:56:25.527246 Navigation got ALT: 2.59
[1500, 1500, 988, 1499, 988, 988, 988, 988, 1001, 1001, 1001, 1001, 1500, 1500, 1500, 1500]
17:56:25.535893 ALT: 2.59
17:56:25.547651 Navigation got ALT: 2.59
[1500, 1499, 988, 1499, 988, 988, 988, 988, 1001, 1001, 1001, 1001, 1500, 1500, 1500, 1500]
17:56:25.551858 ALT: 2.59
17:56:25.567776 ALT: 2.59
17:56:25.583802 ALT: 2.59
17:56:25.587202 Navigation got ALT: 2.59
[1500, 1500, 988, 1500, 988, 988, 988, 988, 1001, 1001, 1001, 1001, 1500, 1500, 1500, 1500]
17:56:25.599816 ALT: 2.59
17:56:25.608034 Navigation got ALT: 2.59
[1500, 1499, 988, 1500, 988, 988, 988, 986, 1001, 1001, 1001, 1001, 1500, 1500, 1500, 1500]
17:56:25.616515 ALT: 2.59
17:56:25.627723 Navigation got ALT: 2.59
[1500, 1500, 988, 1499, 988, 988, 988, 988, 1001, 1001, 1001, 1001, 1500, 1500, 1500, 1500]
17:56:25.631819 ALT: 2.59
17:56:25.648673 ALT: 2.59
17:56:25.650193 Navigation got ALT: 2.59
[1500, 1500, 988, 1500, 988, 988, 988, 988, 1001, 1001, 1001, 1001, 1500, 1500, 1500, 1500]
17:56:25.663947 ALT: 2.59
17:56:25.667346 Navigation got ALT: 2.59
[1500, 1500, 988, 1500, 988, 988, 988, 988, 1001, 1001, 1001, 1001, 1500, 1500, 1500, 1500]
17:56:25.679993 ALT: 2.59
17:56:25.695922 ALT: 2.59
17:56:25.707827 Navigation got ALT: 2.59
[1500, 1500, 986, 1500, 988, 988, 988, 988, 1001, 1001, 1001, 1001, 1500, 1500, 1500, 1500]
17:56:25.712181 ALT: 2.59
17:56:25.727471 Navigation got ALT: 2.59
[1499, 1500, 988, 1500, 988, 988, 988, 988, 1001, 1001, 1001, 1001, 1500, 1500, 1500, 1500]
17:56:25.730910 ALT: 2.59
17:56:25.743997 ALT: 2.59
17:56:25.747738 Navigation got ALT: 2.59
[1500, 1500, 988, 1499, 988, 988, 988, 988, 1001, 1001, 1001, 1001, 1500, 1500, 1500, 1500]
17:56:25.759960 ALT: 2.59
17:56:25.767330 Navigation got ALT: 2.59
[1499, 1500, 988, 1500, 988, 988, 988, 988, 1001, 1001, 1001, 1001, 1500, 1500, 1500, 1500]
17:56:25.778003 ALT: 2.59
17:56:25.787456 Navigation got ALT: 2.59
[1500, 1500, 988, 1500, 986, 988, 988, 988, 1001, 1001, 1001, 1001, 1500, 1500, 1500, 1500]
17:56:25.792477 ALT: 2.59
17:56:25.807843 Navigation got ALT: 2.59
[1500, 1500, 988, 1499, 988, 988, 988, 988, 1001, 1001, 1001, 1001, 1500, 1500, 1500, 1500]
17:56:25.808368 ALT: 2.59
17:56:25.824958 ALT: 2.59
17:56:25.843446 ALT: 2.59
17:56:25.847562 Navigation got ALT: 2.59
[1500, 1500, 988, 1500, 988, 986, 988, 988, 1001, 1001, 1001, 1001, 1500, 1500, 1500, 1500]
17:56:25.858940 ALT: 2.59
17:56:25.872078 ALT: 2.59
17:56:25.887257 Navigation got ALT: 2.59
[1500, 1499, 988, 1500, 988, 988, 988, 988, 1001, 1001, 1001, 1001, 1500, 1500, 1500, 1500]
17:56:25.891628 ALT: 2.59
17:56:25.903924 ALT: 2.59
17:56:25.907961 Navigation got ALT: 2.59
[1500, 1500, 989, 1497, 988, 988, 988, 988, 1001, 1001, 1001, 1001, 1500, 1500, 1500, 1500]
17:56:25.919910 ALT: 2.59
17:56:25.927320 Navigation got ALT: 2.59
[1500, 1499, 988, 1500, 988, 988, 988, 988, 1001, 1001, 1001, 1001, 1500, 1500, 1500, 1500]
17:56:25.935999 ALT: 2.59
17:56:25.948334 Navigation got ALT: 2.59
[1500, 1500, 988, 1499, 988, 988, 988, 988, 1001, 1001, 1001, 1001, 1500, 1500, 1500, 1500]
17:56:25.952197 ALT: 2.59
17:56:25.969835 ALT: 2.59
17:56:25.983902 ALT: 2.59
17:56:25.987191 Navigation got ALT: 2.59
[1500, 1500, 988, 1499, 988, 988, 988, 988, 1001, 1001, 1001, 1001, 1500, 1500, 1500, 1500]
17:56:25.999959 ALT: 2.59
17:56:26.007956 Navigation got ALT: 2.59
[1500, 1500, 988, 1500, 988, 988, 988, 988, 1001, 1001, 1001, 1001, 1500, 1500, 1500, 1500]
17:56:26.017193 ALT: 2.59
17:56:26.027475 Navigation got ALT: 2.59
[1500, 1499, 988, 1500, 988, 988, 988, 988, 1001, 1001, 1001, 1001, 1500, 1500, 1500, 1500]
17:56:26.031997 ALT: 2.59
17:56:26.048643 Navigation got ALT: 2.59
[1499, 1501, 986, 1500, 988, 988, 988, 988, 1001, 1001, 1001, 1001, 1500, 1500, 1500, 1500]
17:56:26.050109 ALT: 2.59
17:56:26.064259 ALT: 2.59
17:56:26.067830 Navigation got ALT: 2.59
[1500, 1500, 988, 1500, 988, 988, 988, 988, 1001, 1001, 1001, 1001, 1500, 1500, 1500, 1500]
17:56:26.080104 ALT: 2.59
17:56:26.087217 Navigation got ALT: 2.59
[1500, 1500, 988, 1500, 988, 988, 988, 988, 1001, 1001, 1001, 1001, 1500, 1500, 1500, 1500]
17:56:26.096184 ALT: 2.59
17:56:26.107390 Navigation got ALT: 2.59
[1500, 1500, 988, 1499, 988, 988, 988, 989, 1001, 1001, 1001, 1001, 1500, 1500, 1500, 1500]
17:56:26.111977 ALT: 2.59
17:56:26.127452 Navigation got ALT: 2.59
[1500, 1499, 988, 1499, 988, 988, 988, 988, 1001, 1001, 1001, 1001, 1500, 1500, 1500, 1500]
17:56:26.128499 ALT: 2.59
17:56:26.143990 ALT: 2.59
17:56:26.147413 Navigation got ALT: 2.59
[1501, 1497, 988, 1500, 988, 988, 988, 988, 1001, 1001, 1001, 1001, 1500, 1500, 1500, 1500]
17:56:26.159919 ALT: 2.59
17:56:26.167255 Navigation got ALT: 2.59
[1500, 1500, 988, 1500, 988, 988, 988, 988, 1001, 1001, 1001, 1001, 1500, 1500, 1500, 1500]
17:56:26.175960 ALT: 2.59
17:56:26.187318 Navigation got ALT: 2.59
[1500, 1500, 988, 1499, 988, 988, 988, 988, 1001, 1001, 1001, 1001, 1500, 1500, 1500, 1500]
17:56:26.192003 ALT: 2.59
17:56:26.207488 Navigation got ALT: 2.59
[1500, 1500, 988, 1500, 988, 988, 988, 988, 1001, 1001, 1001, 1001, 1500, 1500, 1500, 1500]
17:56:26.208699 ALT: 2.59
17:56:26.224854 ALT: 2.59
17:56:26.239945 ALT: 2.59
17:56:26.247839 Navigation got ALT: 2.59
[1500, 1500, 988, 1500, 988, 988, 988, 988, 1001, 1001, 1001, 1001, 1500, 1500, 1500, 1500]
17:56:26.261664 ALT: 2.59
17:56:26.267307 Navigation got ALT: 2.59
[1500, 1500, 988, 1500, 988, 988, 988, 988, 1001, 1001, 1001, 1001, 1500, 1500, 1500, 1500]
17:56:26.272688 ALT: 2.59
17:56:26.287359 Navigation got ALT: 2.59
[1500, 1500, 988, 1500, 988, 988, 988, 988, 1001, 1001, 1001, 1001, 1500, 1500, 1500, 1500]
17:56:26.288122 ALT: 2.59
17:56:26.303973 ALT: 2.59
17:56:26.323863 ALT: 2.59
17:56:26.328275 Navigation got ALT: 2.59
[1499, 1500, 988, 1500, 988, 988, 988, 988, 1001, 1001, 1001, 1001, 1500, 1500, 1500, 1500]
17:56:26.335927 ALT: 2.59
17:56:26.348932 Navigation got ALT: 2.59
[1500, 1499, 988, 1500, 988, 988, 988, 988, 1001, 1001, 1001, 1001, 1500, 1500, 1500, 1500]
17:56:26.352016 ALT: 2.59
17:56:26.367363 Navigation got ALT: 2.59
[1500, 1500, 988, 1500, 988, 988, 988, 988, 1001, 1001, 1001, 1001, 1500, 1500, 1500, 1500]
17:56:26.369117 ALT: 2.59
17:56:26.385784 ALT: 2.59
17:56:26.388459 Navigation got ALT: 2.59
[1500, 1500, 988, 1499, 988, 988, 988, 988, 1001, 1001, 1001, 1001, 1500, 1500, 1500, 1500]
17:56:26.399994 ALT: 2.59
17:56:26.417634 ALT: 2.59
17:56:26.427288 Navigation got ALT: 2.59
[1500, 1500, 988, 1500, 988, 988, 988, 988, 1001, 1001, 1001, 1001, 1500, 1500, 1500, 1500]
17:56:26.431989 ALT: 2.59
17:56:26.449789 Navigation got ALT: 2.59
[1500, 1500, 988, 1500, 988, 988, 988, 988, 1001, 1001, 1001, 1001, 1500, 1500, 1500, 1500]
17:56:26.450655 ALT: 2.59
17:56:26.464095 ALT: 2.59
17:56:26.467669 Navigation got ALT: 2.59
[1500, 1500, 988, 1500, 988, 988, 988, 988, 1001, 1001, 1001, 1001, 1500, 1500, 1500, 1500]
17:56:26.482740 ALT: 2.59
17:56:26.496058 ALT: 2.59
17:56:26.507452 Navigation got ALT: 2.59
[1500, 1500, 988, 1500, 988, 988, 988, 988, 1001, 1001, 1001, 1001, 1500, 1500, 1500, 1500]
17:56:26.512157 ALT: 2.59
17:56:26.528297 Navigation got ALT: 2.59
[1500, 1499, 988, 1500, 988, 988, 988, 988, 1001, 1001, 1001, 1001, 1500, 1500, 1500, 1500]
17:56:26.529278 ALT: 2.59
17:56:26.548106 Navigation got ALT: 2.59
[1500, 1500, 989, 1497, 988, 988, 988, 988, 1001, 1001, 1001, 1001, 1500, 1500, 1500, 1500]
17:56:26.552109 ALT: 2.59
17:56:26.563160 ALT: 2.59
17:56:26.576093 ALT: 2.59
17:56:26.588455 Navigation got ALT: 2.59
[1500, 1500, 988, 1500, 988, 988, 988, 988, 1001, 1001, 1001, 1001, 1500, 1500, 1500, 1500]
17:56:26.592178 ALT: 2.59
17:56:26.608953 Navigation got ALT: 2.59
[1500, 1500, 988, 1500, 988, 988, 988, 988, 1001, 1001, 1001, 1001, 1500, 1500, 1500, 1500]
17:56:26.613700 ALT: 2.59
17:56:26.627453 Navigation got ALT: 2.59
[1500, 1500, 988, 1500, 988, 988, 988, 988, 1001, 1001, 1001, 1001, 1500, 1500, 1500, 1500]
17:56:26.628438 ALT: 2.59
17:56:26.644868 ALT: 2.59
17:56:26.647918 Navigation got ALT: 2.59
[1499, 1501, 986, 1499, 988, 988, 988, 988, 1001, 1001, 1001, 1001, 1500, 1500, 1500, 1500]
17:56:26.656193 ALT: 2.59
17:56:26.667657 Navigation got ALT: 2.59
[1500, 1500, 988, 1500, 988, 988, 988, 988, 1001, 1001, 1001, 1001, 1500, 1500, 1500, 1500]
17:56:26.671928 ALT: 2.59
17:56:26.687983 ALT: 2.59
17:56:26.704030 ALT: 2.59
17:56:26.720013 ALT: 2.59
17:56:26.727320 Navigation got ALT: 2.59
[1499, 1500, 988, 1500, 988, 988, 988, 988, 1001, 1001, 1001, 1001, 1500, 1500, 1500, 1500]
17:56:26.736078 ALT: 2.59
17:56:26.749066 Navigation got ALT: 2.59
[1500, 1499, 988, 1500, 986, 988, 988, 988, 1001, 1001, 1001, 1001, 1500, 1500, 1500, 1500]
17:56:26.752092 ALT: 2.59
17:56:26.767530 Navigation got ALT: 2.59
[1499, 1500, 988, 1500, 988, 988, 988, 988, 1001, 1001, 1001, 1001, 1500, 1500, 1500, 1500]
17:56:26.768283 ALT: 2.59
17:56:26.784217 ALT: 2.59
17:56:26.787336 Navigation got ALT: 2.59
[1500, 1500, 988, 1500, 988, 988, 988, 988, 1001, 1001, 1001, 1001, 1500, 1500, 1500, 1500]
17:56:26.800140 ALT: 2.59
17:56:26.810392 Navigation got ALT: 2.59
[1499, 1500, 988, 1499, 988, 988, 988, 989, 1001, 1001, 1001, 1001, 1500, 1500, 1500, 1500]
17:56:26.816041 ALT: 2.59
17:56:26.832048 ALT: 2.59
17:56:26.849621 ALT: 2.59
17:56:26.864044 ALT: 2.59
17:56:26.867485 Navigation got ALT: 2.59
[1500, 1500, 988, 1500, 988, 988, 989, 986, 1001, 1001, 1001, 1001, 1500, 1500, 1500, 1500]
17:56:26.880110 ALT: 2.59
17:56:26.887299 Navigation got ALT: 2.59
[1500, 1500, 988, 1500, 988, 988, 988, 988, 1001, 1001, 1001, 1001, 1500, 1500, 1500, 1500]
17:56:26.896234 ALT: 2.59
17:56:26.907871 Navigation got ALT: 2.59
[1500, 1500, 988, 1499, 988, 988, 988, 988, 1001, 1001, 1001, 1001, 1500, 1500, 1500, 1500]
17:56:26.912062 ALT: 2.59
17:56:26.927383 Navigation got ALT: 2.59
[1500, 1499, 988, 1500, 988, 988, 988, 988, 1001, 1001, 1001, 1001, 1500, 1500, 1500, 1500]
17:56:26.927981 ALT: 2.59
17:56:26.944109 ALT: 2.59
17:56:26.947704 Navigation got ALT: 2.59
[1500, 1500, 988, 1499, 988, 988, 988, 988, 1001, 1001, 1001, 1001, 1500, 1500, 1500, 1500]
17:56:26.960155 ALT: 2.59
17:56:26.977042 ALT: 2.59
17:56:26.987278 Navigation got ALT: 2.59
[1500, 1500, 988, 1499, 988, 988, 988, 988, 1001, 1001, 1001, 1001, 1500, 1500, 1500, 1500]
17:56:26.992478 ALT: 2.59
17:56:27.008625 ALT: 2.59
17:56:27.014595 Navigation got ALT: 2.59
[1500, 1500, 988, 1500, 988, 988, 988, 988, 1001, 1001, 1001, 1001, 1500, 1500, 1500, 1500]
17:56:27.024528 ALT: 2.59
17:56:27.027381 Navigation got ALT: 2.59
[1501, 1497, 988, 1500, 988, 988, 988, 988, 1001, 1001, 1001, 1001, 1500, 1500, 1500, 1500]
17:56:27.040162 ALT: 2.59
17:56:27.049825 Navigation got ALT: 2.59
[1500, 1499, 988, 1500, 986, 988, 988, 988, 1001, 1001, 1001, 1001, 1500, 1500, 1500, 1500]
17:56:27.056191 ALT: 2.59
17:56:27.067373 Navigation got ALT: 2.59
[1500, 1499, 988, 1500, 988, 988, 988, 988, 1001, 1001, 1001, 1001, 1500, 1500, 1500, 1500]
17:56:27.072099 ALT: 2.59
17:56:27.092205 ALT: 2.59
17:56:27.104066 ALT: 2.59
17:56:27.108071 Navigation got ALT: 2.59
[1499, 1500, 988, 1500, 988, 988, 988, 988, 1001, 1001, 1001, 1001, 1500, 1500, 1500, 1500]
17:56:27.120917 ALT: 2.59
17:56:27.127551 Navigation got ALT: 2.59
[1499, 1500, 988, 1500, 988, 988, 988, 988, 1001, 1001, 1001, 1001, 1500, 1500, 1500, 1500]
17:56:27.136115 ALT: 2.59
17:56:27.147734 Navigation got ALT: 2.59
[1500, 1500, 988, 1500, 988, 988, 988, 988, 1001, 1001, 1001, 1001, 1500, 1500, 1500, 1500]
17:56:27.152051 ALT: 2.59
17:56:27.167853 Navigation got ALT: 2.59
[1500, 1499, 988, 1500, 988, 988, 988, 988, 1001, 1001, 1001, 1001, 1500, 1500, 1500, 1500]
17:56:27.184413 ALT: 2.59
17:56:27.196105 Navigation got ALT: 2.59
[1500, 1500, 988, 1500, 988, 988, 988, 988, 1001, 1001, 1001, 1001, 1500, 1500, 1500, 1500]
17:56:27.200240 ALT: 2.59
17:56:27.207909 Navigation got ALT: 2.59
[1500, 1499, 988, 1499, 988, 988, 988, 988, 1001, 1001, 1001, 1001, 1500, 1500, 1500, 1500]
17:56:27.216539 ALT: 2.59
17:56:27.232050 ALT: 2.59
17:56:27.248647 Navigation got ALT: 2.59
[1500, 1500, 989, 1499, 988, 988, 988, 988, 1001, 1001, 1001, 1001, 1500, 1500, 1500, 1500]
17:56:27.249868 ALT: 2.59
17:56:27.264086 ALT: 2.59
17:56:27.267367 Navigation got ALT: 2.59
[1500, 1499, 988, 1500, 988, 988, 988, 988, 1001, 1001, 1001, 1001, 1500, 1500, 1500, 1500]
17:56:27.285876 ALT: 2.59
17:56:27.287890 Navigation got ALT: 2.59
[1500, 1500, 988, 1500, 988, 988, 988, 988, 1001, 1001, 1001, 1001, 1500, 1500, 1500, 1500]
17:56:27.296828 ALT: 2.59
17:56:27.308414 Navigation got ALT: 2.59
[1500, 1500, 988, 1499, 988, 988, 988, 988, 1001, 1001, 1001, 1001, 1500, 1500, 1500, 1500]
17:56:27.312498 ALT: 2.59
17:56:27.327410 Navigation got ALT: 2.59
[1500, 1500, 988, 1500, 988, 988, 988, 988, 1001, 1001, 1001, 1001, 1500, 1500, 1500, 1500]
17:56:27.328063 ALT: 2.59
17:56:27.344553 ALT: 2.59
17:56:27.347987 Navigation got ALT: 2.59
[1500, 1500, 988, 1500, 988, 988, 988, 988, 1001, 1001, 1001, 1001, 1500, 1500, 1500, 1500]
17:56:27.360154 ALT: 2.59
17:56:27.367905 Navigation got ALT: 2.59
[1500, 1500, 988, 1500, 988, 988, 988, 988, 1001, 1001, 1001, 1001, 1500, 1500, 1500, 1500]
17:56:27.382321 ALT: 2.59
17:56:27.388054 Navigation got ALT: 2.59
[1500, 1500, 988, 1499, 988, 988, 988, 988, 1001, 1001, 1001, 1001, 1500, 1500, 1500, 1500]
17:56:27.413515 ALT: 2.59
17:56:27.425569 ALT: 2.59
17:56:27.440205 ALT: 2.59
17:56:27.447602 Navigation got ALT: 2.59
[1500, 1500, 989, 1497, 988, 988, 988, 988, 1001, 1001, 1001, 1001, 1500, 1500, 1500, 1500]
17:56:27.456254 ALT: 2.59
17:56:27.467549 Navigation got ALT: 2.59
[1500, 1500, 988, 1499, 988, 988, 988, 988, 1001, 1001, 1001, 1001, 1500, 1500, 1500, 1500]
17:56:27.472053 ALT: 2.59
17:56:27.491474 ALT: 2.59
17:56:27.504170 ALT: 2.59
17:56:27.508595 Navigation got ALT: 2.59
[1500, 1500, 988, 1499, 988, 988, 988, 988, 1001, 1001, 1001, 1001, 1500, 1500, 1500, 1500]
17:56:27.520173 ALT: 2.59
17:56:27.527479 Navigation got ALT: 2.59
[1500, 1500, 988, 1499, 988, 988, 988, 988, 1001, 1001, 1001, 1001, 1500, 1500, 1500, 1500]
17:56:27.536168 ALT: 2.63
17:56:27.547741 Navigation got ALT: 2.63
[1500, 1500, 988, 1500, 988, 988, 988, 988, 1001, 1001, 1001, 1001, 1500, 1500, 1500, 1500]
17:56:27.552232 ALT: 2.63
17:56:27.567657 Navigation got ALT: 2.63
[1500, 1500, 988, 1500, 988, 988, 988, 988, 1001, 1001, 1001, 1001, 1500, 1500, 1500, 1500]
17:56:27.568380 ALT: 2.65
17:56:27.584114 ALT: 2.67
17:56:27.587375 Navigation got ALT: 2.65
[1500, 1500, 988, 1500, 988, 988, 988, 988, 1001, 1001, 1001, 1001, 1500, 1500, 1500, 1500]
17:56:27.600134 ALT: 2.67
17:56:27.607978 Navigation got ALT: 2.67
[1500, 1500, 988, 1500, 988, 988, 988, 988, 1001, 1001, 1001, 1001, 1500, 1500, 1500, 1500]
17:56:27.616130 ALT: 2.68
17:56:27.627567 Navigation got ALT: 2.68
[1500, 1500, 988, 1500, 988, 988, 988, 988, 1001, 1001, 1001, 1001, 1500, 1500, 1500, 1500]
17:56:27.632236 ALT: 2.68
17:56:27.647595 Navigation got ALT: 2.68
[1500, 1500, 988, 1500, 988, 988, 988, 988, 1001, 1001, 1001, 1001, 1500, 1500, 1500, 1500]
17:56:27.654216 ALT: 2.68
17:56:27.665264 ALT: 2.68
17:56:27.667559 Navigation got ALT: 2.68
[1500, 1500, 988, 1500, 988, 988, 988, 988, 1001, 1001, 1001, 1001, 1500, 1500, 1500, 1500]
17:56:27.680606 ALT: 2.68
17:56:27.696310 ALT: 2.68
17:56:27.708652 Navigation got ALT: 2.68
[1500, 1500, 988, 1500, 988, 988, 988, 988, 1001, 1001, 1001, 1001, 1500, 1500, 1500, 1500]
17:56:27.713522 ALT: 2.68
17:56:27.727486 Navigation got ALT: 2.68
[1500, 1500, 988, 1500, 988, 988, 988, 988, 1001, 1001, 1001, 1001, 1500, 1500, 1500, 1500]
17:56:27.728146 ALT: 2.68
17:56:27.746319 ALT: 2.68
17:56:27.757318 Navigation got ALT: 2.68
[1500, 1500, 988, 1500, 988, 988, 988, 988, 1001, 1001, 1001, 1001, 1500, 1500, 1500, 1500]
17:56:27.767394 ALT: 2.68
17:56:27.768805 Navigation got ALT: 2.68
[1500, 1500, 988, 1500, 988, 988, 988, 988, 1001, 1001, 1001, 1001, 1500, 1500, 1500, 1500]
17:56:27.781672 ALT: 2.68
